 0 0 0 0 0 0 0 0    0.0000    0.0000   -0.0000
 0 0 0 0 0 0 0 0    0.0029    0.0013   -0.0001
 0 0 0 0 0 0 0 0    0.0058    0.0026   -0.0001
 0 0 0 0 0 0 0 0    0.0086    0.0039   -0.0002
 0 0 0 0 0 0 0 0    0.0114    0.0052   -0.0002
 0 0 0 0 0 0 0 0    0.0142    0.0064   -0.0003
 0 0 0 0 0 0 0 0    0.0169    0.0077   -0.0003
 0 0 0 0 0 0 0 0    0.0197    0.0089   -0.0004
 0 0 0 0 0 0 0 0    0.0224    0.0101   -0.0004
 0 0 0 0 0 0 0 0    0.0250    0.0113   -0.0005
 0 0 0 0 0 0 0 0    0.0277    0.0125   -0.0005
 0 0 0 0 0 0 0 0    0.0303    0.0137   -0.0005
 0 0 0 0 0 0 0 0    0.0328    0.0149   -0.0006
 0 0 0 0 0 0 0 0    0.0354    0.0160   -0.0006
 0 0 0 0 0 0 0 0    0.0379    0.0171   -0.0007
 0 0 0 0 0 0 0 0    0.0404    0.0183   -0.0007
 0 0 0 0 0 0 0 0    0.0429    0.0194   -0.0008
 0 0 0 0 0 0 0 0    0.0453    0.0205   -0.0008
 0 0 0 0 0 0 0 0    0.0477    0.0216   -0.0009
 0 0 0 0 0 0 0 0    0.0501    0.0226   -0.0009
 0 0 0 0 0 0 0 0    0.0524    0.0237   -0.0009
 0 0 0 0 0 0 0 0    0.0547    0.0247   -0.0010
 0 0 0 0 0 0 0 0    0.0570    0.0258   -0.0010
 0 0 0 0 0 0 0 0    0.0593    0.0268   -0.0011
 0 0 0 0 0 0 0 0    0.0615    0.0278   -0.0011
 0 0 0 0 0 0 0 0    0.0637    0.0288   -0.0011
 0 0 0 0 0 0 0 0    0.0658    0.0298   -0.0012
 0 0 0 0 0 0 0 0    0.0680    0.0307   -0.0012
 0 0 0 0 0 0 0 0    0.0701    0.0317   -0.0013
 0 0 0 0 0 0 0 0    0.0722    0.0326   -0.0013
 0 0 0 0 0 0 0 0    0.0742    0.0336   -0.0013
 0 0 0 0 0 0 0 0    0.0762    0.0345   -0.0014
 0 0 0 0 0 0 0 0    0.0782    0.0354   -0.0014
 0 0 0 0 0 0 0 0    0.0802    0.0363   -0.0014
 0 0 0 0 0 0 0 0    0.0821    0.0372   -0.0015
 0 0 0 0 0 0 0 0    0.0840    0.0380   -0.0015
 0 0 0 0 0 0 0 0    0.0859    0.0389   -0.0015
 0 0 0 0 0 0 0 0    0.0877    0.0397   -0.0016
 0 0 0 0 0 0 0 0    0.0895    0.0405   -0.0016
 0 0 0 0 0 0 0 0    0.0913    0.0413   -0.0016
 0 0 0 0 0 0 0 0    0.0930    0.0421   -0.0017
 0 0 0 0 0 0 0 0    0.0947    0.0429   -0.0017
 0 0 0 0 0 0 0 0    0.0964    0.0437   -0.0017
 0 0 0 0 0 0 0 0    0.0981    0.0445   -0.0018
 0 0 0 0 0 0 0 0    0.0997    0.0452   -0.0018
 0 0 0 0 0 0 0 0    0.1013    0.0459   -0.0018
 0 0 0 0 0 0 0 0    0.1029    0.0466   -0.0019
 0 0 0 0 0 0 0 0    0.1044    0.0474   -0.0019
 0 0 0 0 0 0 0 0    0.1059    0.0480   -0.0019
 0 0 0 0 0 0 0 0    0.1074    0.0487   -0.0019
 0 0 0 0 0 0 0 0    0.1089    0.0494   -0.0020
 0 0 0 0 0 0 0 0    0.1103    0.0500   -0.0020
 0 0 0 0 0 0 0 0    0.1117    0.0507   -0.0020
 0 0 0 0 0 0 0 0    0.1130    0.0513   -0.0020
 0 0 0 0 0 0 0 0    0.1144    0.0519   -0.0021
 0 0 0 0 0 0 0 0    0.1157    0.0525   -0.0021
 0 0 0 0 0 0 0 0    0.1169    0.0531   -0.0021
 0 0 0 0 0 0 0 0    0.1182    0.0537   -0.0021
 0 0 0 0 0 0 0 0    0.1194    0.0543   -0.0021
 0 0 0 0 0 0 0 0    0.1205    0.0548   -0.0022
 0 0 0 0 0 0 0 0    0.1217    0.0553   -0.0022
 0 0 0 0 0 0 0 0    0.1228    0.0559   -0.0022
 0 0 0 0 0 0 0 0    0.1239    0.0564   -0.0022
 0 0 0 0 0 0 0 0    0.1249    0.0569   -0.0022
 0 0 0 0 0 0 0 0    0.1260    0.0574   -0.0023
 0 0 0 0 0 0 0 0    0.1269    0.0578   -0.0023
 0 0 0 0 0 0 0 0    0.1279    0.0583   -0.0023
 0 0 0 0 0 0 0 0    0.1288    0.0587   -0.0023
 0 0 0 0 0 0 0 0    0.1297    0.0592   -0.0023
 0 0 0 0 0 0 0 0    0.1306    0.0596   -0.0023
 0 0 0 0 0 0 0 0    0.1314    0.0600   -0.0024
 0 0 0 0 0 0 0 0    0.1323    0.0604   -0.0024
 0 0 0 0 0 0 0 0    0.1330    0.0608   -0.0024
 0 0 0 0 0 0 0 0    0.1338    0.0611   -0.0024
 0 0 0 0 0 0 0 0    0.1345    0.0615   -0.0024
 0 0 0 0 0 0 0 0    0.1352    0.0618   -0.0024
 0 0 0 0 0 0 0 0    0.1358    0.0622   -0.0024
 0 0 0 0 0 0 0 0    0.1364    0.0625   -0.0024
 0 0 0 0 0 0 0 0    0.1370    0.0628   -0.0024
 0 0 0 0 0 0 0 0    0.1376    0.0631   -0.0024
 0 0 0 0 0 0 0 0    0.1381    0.0633   -0.0025
 0 0 0 0 0 0 0 0    0.1386    0.0636   -0.0025
 0 0 0 0 0 0 0 0    0.1391    0.0638   -0.0025
 0 0 0 0 0 0 0 0    0.1395    0.0641   -0.0025
 0 0 0 0 0 0 0 0    0.1399    0.0643   -0.0025
 0 0 0 0 0 0 0 0    0.1403    0.0645   -0.0025
 0 0 0 0 0 0 0 0    0.1406    0.0647   -0.0025
 0 0 0 0 0 0 0 0    0.1409    0.0649   -0.0025
 0 0 0 0 0 0 0 0    0.1412    0.0651   -0.0025
 0 0 0 0 0 0 0 0    0.1415    0.0652   -0.0025
 0 0 0 0 0 0 0 0    0.1417    0.0654   -0.0025
 0 0 0 0 0 0 0 0    0.1419    0.0655   -0.0025
 0 0 0 0 0 0 0 0    0.1420    0.0656   -0.0025
 0 0 0 0 0 0 0 0    0.1421    0.0657   -0.0025
 0 0 0 0 0 0 0 0    0.1422    0.0658   -0.0025
 0 0 0 0 0 0 0 0    0.1423    0.0659   -0.0025
 0 0 0 0 0 0 0 0    0.1423    0.0659   -0.0025
 0 0 0 0 0 0 0 0    0.1423    0.0660   -0.0025
 0 0 0 0 0 0 0 0    0.1423    0.0660   -0.0025
 0 0 0 0 0 0 0 0    0.1422    0.0660   -0.0025
 0 0 0 0 0 0 0 0    0.1421    0.0660   -0.0025
 0 0 0 0 0 0 0 0    0.1420    0.0660   -0.0025
 0 0 0 0 0 0 0 0    0.1418    0.0660   -0.0025
 0 0 0 0 0 0 0 0    0.1416    0.0660   -0.0025
 0 0 0 0 0 0 0 0    0.1414    0.0659   -0.0025
 0 0 0 0 0 0 0 0    0.1412    0.0659   -0.0024
 0 0 0 0 0 0 0 0    0.1409    0.0658   -0.0024
 0 0 0 0 0 0 0 0    0.1406    0.0657   -0.0024
 0 0 0 0 0 0 0 0    0.1402    0.0656   -0.0024
 0 0 0 0 0 0 0 0    0.1398    0.0655   -0.0024
 0 0 0 0 0 0 0 0    0.1394    0.0654   -0.0024
 0 0 0 0 0 0 0 0    0.1390    0.0653   -0.0024
 0 0 0 0 0 0 0 0    0.1385    0.0651   -0.0024
 0 0 0 0 0 0 0 0    0.1380    0.0649   -0.0024
 0 0 0 0 0 0 0 0    0.1375    0.0648   -0.0023
 0 0 0 0 0 0 0 0    0.1369    0.0646   -0.0023
 0 0 0 0 0 0 0 0    0.1363    0.0644   -0.0023
 0 0 0 0 0 0 0 0    0.1357    0.0641   -0.0023
 0 0 0 0 0 0 0 0    0.1350    0.0639   -0.0023
 0 0 0 0 0 0 0 0    0.1343    0.0637   -0.0023
 0 0 0 0 0 0 0 0    0.1336    0.0634   -0.0022
 0 0 0 0 0 0 0 0    0.1328    0.0631   -0.0022
 0 0 0 0 0 0 0 0    0.1320    0.0628   -0.0022
 0 0 0 0 0 0 0 0    0.1312    0.0625   -0.0022
 0 0 0 0 0 0 0 0    0.1304    0.0622   -0.0022
 0 0 0 0 0 0 0 0    0.1295    0.0619   -0.0021
 0 0 0 0 0 0 0 0    0.1286    0.0616   -0.0021
 0 0 0 0 0 0 0 0    0.1277    0.0612   -0.0021
 0 0 0 0 0 0 0 0    0.1267    0.0608   -0.0021
 0 0 0 0 0 0 0 0    0.1257    0.0605   -0.0020
 0 0 0 0 0 0 0 0    0.1247    0.0601   -0.0020
 0 0 0 0 0 0 0 0    0.1236    0.0596   -0.0020
 0 0 0 0 0 0 0 0    0.1225    0.0592   -0.0020
 0 0 0 0 0 0 0 0    0.1214    0.0588   -0.0019
 0 0 0 0 0 0 0 0    0.1203    0.0583   -0.0019
 0 0 0 0 0 0 0 0    0.1191    0.0579   -0.0019
 0 0 0 0 0 0 0 0    0.1179    0.0574   -0.0019
 0 0 0 0 0 0 0 0    0.1167    0.0569   -0.0018
 0 0 0 0 0 0 0 0    0.1154    0.0564   -0.0018
 0 0 0 0 0 0 0 0    0.1141    0.0559   -0.0018
 0 0 0 0 0 0 0 0    0.1128    0.0554   -0.0017
 0 0 0 0 0 0 0 0    0.1114    0.0548   -0.0017
 0 0 0 0 0 0 0 0    0.1100    0.0543   -0.0017
 0 0 0 0 0 0 0 0    0.1086    0.0537   -0.0016
 0 0 0 0 0 0 0 0    0.1072    0.0531   -0.0016
 0 0 0 0 0 0 0 0    0.1057    0.0525   -0.0016
 0 0 0 0 0 0 0 0    0.1042    0.0519   -0.0015
 0 0 0 0 0 0 0 0    0.1027    0.0513   -0.0015
 0 0 0 0 0 0 0 0    0.1012    0.0506   -0.0015
 0 0 0 0 0 0 0 0    0.0996    0.0500   -0.0014
 0 0 0 0 0 0 0 0    0.0980    0.0493   -0.0014
 0 0 0 0 0 0 0 0    0.0964    0.0487   -0.0014
 0 0 0 0 0 0 0 0    0.0947    0.0480   -0.0013
 0 0 0 0 0 0 0 0    0.0930    0.0473   -0.0013
 0 0 0 0 0 0 0 0    0.0913    0.0465   -0.0012
 0 0 0 0 0 0 0 0    0.0896    0.0458   -0.0012
 0 0 0 0 0 0 0 0    0.0878    0.0451   -0.0012
 0 0 0 0 0 0 0 0    0.0860    0.0443   -0.0011
 0 0 0 0 0 0 0 0    0.0842    0.0436   -0.0011
 0 0 0 0 0 0 0 0    0.0823    0.0428   -0.0010
 0 0 0 0 0 0 0 0    0.0805    0.0420   -0.0010
 0 0 0 0 0 0 0 0    0.0786    0.0412   -0.0009
 0 0 0 0 0 0 0 0    0.0767    0.0404   -0.0009
 0 0 0 0 0 0 0 0    0.0747    0.0395   -0.0009
 0 0 0 0 0 0 0 0    0.0728    0.0387   -0.0008
 0 0 0 0 0 0 0 0    0.0708    0.0378   -0.0008
 0 0 0 0 0 0 0 0    0.0687    0.0370   -0.0007
 0 0 0 0 0 0 0 0    0.0667    0.0361   -0.0007
 0 0 0 0 0 0 0 0    0.0646    0.0352   -0.0006
 0 0 0 0 0 0 0 0    0.0625    0.0343   -0.0006
 0 0 0 0 0 0 0 0    0.0604    0.0334   -0.0005
 0 0 0 0 0 0 0 0    0.0583    0.0324   -0.0005
 0 0 0 0 0 0 0 0    0.0561    0.0315   -0.0004
 0 0 0 0 0 0 0 0    0.0540    0.0305   -0.0004
 0 0 0 0 0 0 0 0    0.0517    0.0296   -0.0003
 0 0 0 0 0 0 0 0    0.0495    0.0286   -0.0003
 0 0 0 0 0 0 0 0    0.0473    0.0276   -0.0002
 0 0 0 0 0 0 0 0    0.0450    0.0266   -0.0002
 0 0 0 0 0 0 0 0    0.0427    0.0256   -0.0001
 0 0 0 0 0 0 0 0    0.0404    0.0246   -0.0001
 0 0 0 0 0 0 0 0    0.0380    0.0235   -0.0000
 0 0 0 0 0 0 0 0    0.0357    0.0225    0.0000
 0 0 0 0 0 0 0 0    0.0333    0.0214    0.0001
 0 0 0 0 0 0 0 0    0.0309    0.0203    0.0001
 0 0 0 0 0 0 0 0    0.0285    0.0192    0.0002
 0 0 0 0 0 0 0 0    0.0260    0.0182    0.0002
 0 0 0 0 0 0 0 0    0.0236    0.0170    0.0003
 0 0 0 0 0 0 0 0    0.0211    0.0159    0.0003
 0 0 0 0 0 0 0 0    0.0186    0.0148    0.0004
 0 0 0 0 0 0 0 0    0.0161    0.0136    0.0005
 0 0 0 0 0 0 0 0    0.0135    0.0125    0.0005
 0 0 0 0 0 0 0 0    0.0110    0.0113    0.0006
 0 0 0 0 0 0 0 0    0.0084    0.0102    0.0006
 0 0 0 0 0 0 0 0    0.0058    0.0090    0.0007
 0 0 0 0 0 0 0 0    0.0032    0.0078    0.0007
 0 0 0 0 0 0 0 0    0.0005    0.0066    0.0008
 0 0 0 0 0 0 0 0   -0.0021    0.0053    0.0009
 0 0 0 0 0 0 0 0   -0.0048    0.0041    0.0009
 0 0 0 0 0 0 0 0   -0.0074    0.0029    0.0010
 0 0 0 0 0 0 0 0   -0.0103    0.0016    0.0010
 0 0 0 0 0 0 0 0   -0.0118    0.0008    0.0011
 0 0 0 0 0 0 0 0   -0.0118    0.0008    0.0011
 0 0 0 0 0 0 0 0   -0.0119    0.0008    0.0011
 0 0 0 0 0 0 0 0   -0.0119    0.0008    0.0011
 0 0 0 0 0 0 0 0   -0.0119    0.0008    0.0011
 0 0 0 0 0 0 0 0   -0.0120    0.0008    0.0011
 0 0 0 0 0 0 0 0   -0.0120    0.0007    0.0011
 0 0 0 0 0 0 0 0   -0.0120    0.0007    0.0011
 0 0 0 0 0 0 0 0   -0.0120    0.0007    0.0011
 0 0 0 0 0 0 0 0   -0.0120    0.0007    0.0011
 0 0 0 0 0 0 0 0   -0.0121    0.0007    0.0011
 0 0 0 0 0 0 0 0   -0.0121    0.0007    0.0011
 0 0 0 0 0 0 0 0   -0.0121    0.0006    0.0011
 0 0 0 0 0 0 0 0   -0.0121    0.0006    0.0011
 0 0 0 0 0 0 0 0   -0.0121    0.0006    0.0011
 0 0 0 0 0 0 0 0   -0.0122    0.0006    0.0011
 0 0 0 0 0 0 0 0   -0.0122    0.0006    0.0011
 0 0 0 0 0 0 0 0   -0.0122    0.0006    0.0011
 0 0 0 0 0 0 0 0   -0.0122    0.0006    0.0011
 0 0 0 0 0 0 0 0   -0.0122    0.0005    0.0011
 0 0 0 0 0 0 0 0   -0.0122    0.0005    0.0011
 0 0 0 0 0 0 0 0   -0.0122    0.0005    0.0011
 0 0 0 0 0 0 0 0   -0.0122    0.0005    0.0011
 0 0 0 0 0 0 0 0   -0.0123    0.0005    0.0011
 0 0 0 0 0 0 0 0   -0.0123    0.0005    0.0011
 0 0 0 0 0 0 0 0   -0.0123    0.0005    0.0011
 0 0 0 0 0 0 0 0   -0.0123    0.0005    0.0011
 0 0 0 0 0 0 0 0   -0.0123    0.0005    0.0011
 0 0 0 0 0 0 0 0   -0.0123    0.0004    0.0011
 0 0 0 0 0 0 0 0   -0.0123    0.0004    0.0010
 0 0 0 0 0 0 0 0   -0.0123    0.0004    0.0010
 0 0 0 0 0 0 0 0   -0.0123    0.0004    0.0010
 0 0 0 0 0 0 0 0   -0.0123    0.0004    0.0010
 0 0 0 0 0 0 0 0   -0.0123    0.0004    0.0010
 0 0 0 0 0 0 0 0   -0.0123    0.0004    0.0010
 0 0 0 0 0 0 0 0   -0.0123    0.0004    0.0010
 0 0 0 0 0 0 0 0   -0.0123    0.0004    0.0010
 0 0 0 0 0 0 0 0   -0.0123    0.0004    0.0010
 0 0 0 0 0 0 0 0   -0.0123    0.0003    0.0010
 0 0 0 0 0 0 0 0   -0.0123    0.0003    0.0010
 0 0 0 0 0 0 0 0   -0.0123    0.0003    0.0010
 0 0 0 0 0 0 0 0   -0.0123    0.0003    0.0010
 0 0 0 0 0 0 0 0   -0.0123    0.0003    0.0010
 0 0 0 0 0 0 0 0   -0.0123    0.0003    0.0010
 0 0 0 0 0 0 0 0   -0.0123    0.0003    0.0010
 0 0 0 0 0 0 0 0   -0.0123    0.0003    0.0010
 0 0 0 0 0 0 0 0   -0.0123    0.0003    0.0010
 0 0 0 0 0 0 0 0   -0.0123    0.0003    0.0010
 0 0 0 0 0 0 0 0   -0.0123    0.0003    0.0010
 0 0 0 0 0 0 0 0   -0.0123    0.0003    0.0010
 0 0 0 0 0 0 0 0   -0.0123    0.0003    0.0010
 0 0 0 0 0 0 0 0   -0.0123    0.0002    0.0010
 0 0 0 0 0 0 0 0   -0.0123    0.0002    0.0010
 0 0 0 0 0 0 0 0   -0.0123    0.0002    0.0010
 0 0 0 0 0 0 0 0   -0.0123    0.0002    0.0010
 0 0 0 0 0 0 0 0   -0.0123    0.0002    0.0010
 0 0 0 0 0 0 0 0   -0.0123    0.0002    0.0010
 0 0 0 0 0 0 0 0   -0.0122    0.0002    0.0010
 0 0 0 0 0 0 0 0   -0.0122    0.0002    0.0010
 0 0 0 0 0 0 0 0   -0.0122    0.0002    0.0010
 0 0 0 0 0 0 0 0   -0.0122    0.0002    0.0010
 0 0 0 0 0 0 0 0   -0.0122    0.0002    0.0010
 0 0 0 0 0 0 0 0   -0.0122    0.0002    0.0010
 0 0 0 0 0 0 0 0   -0.0122    0.0002    0.0010
 0 0 0 0 0 0 0 0   -0.0122    0.0002    0.0010
 0 0 0 0 0 0 0 0   -0.0122    0.0002    0.0010
 0 0 0 0 0 0 0 0   -0.0121    0.0002    0.0010
 0 0 0 0 0 0 0 0   -0.0121    0.0002    0.0010
 0 0 0 0 0 0 0 0   -0.0121    0.0002    0.0010
 0 0 0 0 0 0 0 0   -0.0121    0.0002    0.0010
 0 0 0 0 0 0 0 0   -0.0121    0.0002    0.0010
 0 0 0 0 0 0 0 0   -0.0121    0.0002    0.0010
 0 0 0 0 0 0 0 0   -0.0120    0.0002    0.0010
 0 0 0 0 0 0 0 0   -0.0120    0.0002    0.0010
 0 0 0 0 0 0 0 0   -0.0120    0.0002    0.0010
 0 0 0 0 0 0 0 0   -0.0120    0.0002    0.0010
 0 0 0 0 0 0 0 0   -0.0120    0.0002    0.0010
 0 0 0 0 0 0 0 0   -0.0120    0.0002    0.0010
 0 0 0 0 0 0 0 0   -0.0119    0.0002    0.0010
 0 0 0 0 0 0 0 0   -0.0119    0.0002    0.0010
 0 0 0 0 0 0 0 0   -0.0119    0.0002    0.0010
 0 0 0 0 0 0 0 0   -0.0119    0.0002    0.0010
 0 0 0 0 0 0 0 0   -0.0119    0.0002    0.0010
 0 0 0 0 0 0 0 0   -0.0118    0.0002    0.0010
 0 0 0 0 0 0 0 0   -0.0118    0.0002    0.0010
 0 0 0 0 0 0 0 0   -0.0118    0.0002    0.0010
 0 0 0 0 0 0 0 0   -0.0118    0.0002    0.0010
 0 0 0 0 0 0 0 0   -0.0117    0.0002    0.0010
 0 0 0 0 0 0 0 0   -0.0117    0.0002    0.0010
 0 0 0 0 0 0 0 0   -0.0117    0.0002    0.0010
 0 0 0 0 0 0 0 0   -0.0117    0.0002    0.0010
 0 0 0 0 0 0 0 0   -0.0117    0.0002    0.0010
 0 0 0 0 0 0 0 0   -0.0116    0.0002    0.0010
 0 0 0 0 0 0 0 0   -0.0116    0.0002    0.0010
 0 0 0 0 0 0 0 0   -0.0116    0.0002    0.0010
 0 0 0 0 0 0 0 0   -0.0116    0.0002    0.0010
 0 0 0 0 0 0 0 0   -0.0115    0.0002    0.0010
 0 0 0 0 0 0 0 0   -0.0115    0.0002    0.0009
 0 0 0 0 0 0 0 0   -0.0115    0.0002    0.0009
 0 0 0 0 0 0 0 0   -0.0114    0.0002    0.0009
 0 0 0 0 0 0 0 0   -0.0128   -0.0005    0.0010
 0 0 0 0 0 0 0 0   -0.0153   -0.0017    0.0010
 0 0 0 0 0 0 0 0   -0.0177   -0.0028    0.0011
 0 0 0 0 0 0 0 0   -0.0200   -0.0039    0.0011
 0 0 0 0 0 0 0 0   -0.0223   -0.0050    0.0012
 0 0 0 0 0 0 0 0   -0.0246   -0.0061    0.0013
 0 0 0 0 0 0 0 0   -0.0268   -0.0072    0.0013
 0 0 0 0 0 0 0 0   -0.0290   -0.0083    0.0014
 0 0 0 0 0 0 0 0   -0.0312   -0.0093    0.0014
 0 0 0 0 0 0 0 0   -0.0334   -0.0104    0.0015
 0 0 0 0 0 0 0 0   -0.0355   -0.0114    0.0015
 0 0 0 0 0 0 0 0   -0.0376   -0.0124    0.0016
 0 0 0 0 0 0 0 0   -0.0396   -0.0134    0.0016
 0 0 0 0 0 0 0 0   -0.0417   -0.0144    0.0016
 0 0 0 0 0 0 0 0   -0.0437   -0.0154    0.0017
 0 0 0 0 0 0 0 0   -0.0456   -0.0164    0.0017
 0 0 0 0 0 0 0 0   -0.0476   -0.0173    0.0018
 0 0 0 0 0 0 0 0   -0.0495   -0.0182    0.0018
 0 0 0 0 0 0 0 0   -0.0513   -0.0192    0.0019
 0 0 0 0 0 0 0 0   -0.0532   -0.0201    0.0019
 0 0 0 0 0 0 0 0   -0.0550   -0.0210    0.0019
 0 0 0 0 0 0 0 0   -0.0568   -0.0219    0.0020
 0 0 0 0 0 0 0 0   -0.0586   -0.0227    0.0020
 0 0 0 0 0 0 0 0   -0.0603   -0.0236    0.0021
 0 0 0 0 0 0 0 0   -0.0620   -0.0245    0.0021
 0 0 0 0 0 0 0 0   -0.0637   -0.0253    0.0021
 0 0 0 0 0 0 0 0   -0.0653   -0.0261    0.0022
 0 0 0 0 0 0 0 0   -0.0669   -0.0269    0.0022
 0 0 0 0 0 0 0 0   -0.0685   -0.0277    0.0022
 0 0 0 0 0 0 0 0   -0.0701   -0.0285    0.0023
 0 0 0 0 0 0 0 0   -0.0716   -0.0293    0.0023
 0 0 0 0 0 0 0 0   -0.0731   -0.0301    0.0023
 0 0 0 0 0 0 0 0   -0.0746   -0.0308    0.0024
 0 0 0 0 0 0 0 0   -0.0760   -0.0316    0.0024
 0 0 0 0 0 0 0 0   -0.0774   -0.0323    0.0024
 0 0 0 0 0 0 0 0   -0.0788   -0.0330    0.0024
 0 0 0 0 0 0 0 0   -0.0802   -0.0337    0.0025
 0 0 0 0 0 0 0 0   -0.0816   -0.0344    0.0025
 0 0 0 0 0 0 0 0   -0.0829   -0.0351    0.0025
 0 0 0 0 0 0 0 0   -0.0842   -0.0358    0.0026
 0 0 0 0 0 0 0 0   -0.0854   -0.0364    0.0026
 0 0 0 0 0 0 0 0   -0.0867   -0.0371    0.0026
 0 0 0 0 0 0 0 0   -0.0879   -0.0377    0.0026
 0 0 0 0 0 0 0 0   -0.0891   -0.0383    0.0026
 0 0 0 0 0 0 0 0   -0.0902   -0.0389    0.0027
 0 0 0 0 0 0 0 0   -0.0914   -0.0395    0.0027
 0 0 0 0 0 0 0 0   -0.0925   -0.0401    0.0027
 0 0 0 0 0 0 0 0   -0.0936   -0.0407    0.0027
 0 0 0 0 0 0 0 0   -0.0946   -0.0413    0.0027
 0 0 0 0 0 0 0 0   -0.0957   -0.0418    0.0028
 0 0 0 0 0 0 0 0   -0.0967   -0.0423    0.0028
 0 0 0 0 0 0 0 0   -0.0977   -0.0429    0.0028
 0 0 0 0 0 0 0 0   -0.0986   -0.0434    0.0028
 0 0 0 0 0 0 0 0   -0.0996   -0.0439    0.0028
 0 0 0 0 0 0 0 0   -0.1005   -0.0444    0.0029
 0 0 0 0 0 0 0 0   -0.1014   -0.0449    0.0029
 0 0 0 0 0 0 0 0   -0.1022   -0.0453    0.0029
 0 0 0 0 0 0 0 0   -0.1031   -0.0458    0.0029
 0 0 0 0 0 0 0 0   -0.1039   -0.0463    0.0029
 0 0 0 0 0 0 0 0   -0.1047   -0.0467    0.0029
 0 0 0 0 0 0 0 0   -0.1054   -0.0471    0.0029
 0 0 0 0 0 0 0 0   -0.1062   -0.0475    0.0029
 0 0 0 0 0 0 0 0   -0.1069   -0.0479    0.0030
 0 0 0 0 0 0 0 0   -0.1076   -0.0483    0.0030
 0 0 0 0 0 0 0 0   -0.1083   -0.0487    0.0030
 0 0 0 0 0 0 0 0   -0.1089   -0.0491    0.0030
 0 0 0 0 0 0 0 0   -0.1096   -0.0494    0.0030
 0 0 0 0 0 0 0 0   -0.1102   -0.0498    0.0030
 0 0 0 0 0 0 0 0   -0.1108   -0.0501    0.0030
 0 0 0 0 0 0 0 0   -0.1113   -0.0504    0.0030
 0 0 0 0 0 0 0 0   -0.1119   -0.0508    0.0030
 0 0 0 0 0 0 0 0   -0.1124   -0.0511    0.0030
 0 0 0 0 0 0 0 0   -0.1129   -0.0513    0.0030
 0 0 0 0 0 0 0 0   -0.1134   -0.0516    0.0030
 0 0 0 0 0 0 0 0   -0.1138   -0.0519    0.0030
 0 0 0 0 0 0 0 0   -0.1142   -0.0522    0.0030
 0 0 0 0 0 0 0 0   -0.1146   -0.0524    0.0030
 0 0 0 0 0 0 0 0   -0.1150   -0.0526    0.0030
 0 0 0 0 0 0 0 0   -0.1154   -0.0529    0.0030
 0 0 0 0 0 0 0 0   -0.1157   -0.0531    0.0030
 0 0 0 0 0 0 0 0   -0.1161   -0.0533    0.0031
 0 0 0 0 0 0 0 0   -0.1163   -0.0535    0.0031
 0 0 0 0 0 0 0 0   -0.1166   -0.0537    0.0031
 0 0 0 0 0 0 0 0   -0.1169   -0.0538    0.0031
 0 0 0 0 0 0 0 0   -0.1171   -0.0540    0.0031
 0 0 0 0 0 0 0 0   -0.1173   -0.0541    0.0030
 0 0 0 0 0 0 0 0   -0.1175   -0.0543    0.0030
 0 0 0 0 0 0 0 0   -0.1177   -0.0544    0.0030
 0 0 0 0 0 0 0 0   -0.1178   -0.0545    0.0030
 0 0 0 0 0 0 0 0   -0.1179   -0.0546    0.0030
 0 0 0 0 0 0 0 0   -0.1180   -0.0547    0.0030
 0 0 0 0 0 0 0 0   -0.1181   -0.0548    0.0030
 0 0 0 0 0 0 0 0   -0.1182   -0.0549    0.0030
 0 0 0 0 0 0 0 0   -0.1182   -0.0549    0.0030
 0 0 0 0 0 0 0 0   -0.1182   -0.0550    0.0030
 0 0 0 0 0 0 0 0   -0.1182   -0.0550    0.0030
 0 0 0 0 0 0 0 0   -0.1182   -0.0551    0.0030
 0 0 0 0 0 0 0 0   -0.1181   -0.0551    0.0030
 0 0 0 0 0 0 0 0   -0.1181   -0.0551    0.0030
 0 0 0 0 0 0 0 0   -0.1180   -0.0551    0.0030
 0 0 0 0 0 0 0 0   -0.1179   -0.0551    0.0030
 0 0 0 0 0 0 0 0   -0.1177   -0.0550    0.0030
 0 0 0 0 0 0 0 0   -0.1176   -0.0550    0.0030
 0 0 0 0 0 0 0 0   -0.1174   -0.0550    0.0030
 0 0 0 0 0 0 0 0   -0.1172   -0.0549    0.0029
 0 0 0 0 0 0 0 0   -0.1170   -0.0548    0.0029
 0 0 0 0 0 0 0 0   -0.1167   -0.0547    0.0029
 0 0 0 0 0 0 0 0   -0.1165   -0.0547    0.0029
 0 0 0 0 0 0 0 0   -0.1162   -0.0546    0.0029
 0 0 0 0 0 0 0 0   -0.1159   -0.0544    0.0029
 0 0 0 0 0 0 0 0   -0.1156   -0.0543    0.0029
 0 0 0 0 0 0 0 0   -0.1152   -0.0542    0.0029
 0 0 0 0 0 0 0 0   -0.1149   -0.0540    0.0028
 0 0 0 0 0 0 0 0   -0.1145   -0.0539    0.0028
 0 0 0 0 0 0 0 0   -0.1141   -0.0537    0.0028
 0 0 0 0 0 0 0 0   -0.1136   -0.0535    0.0028
 0 0 0 0 0 0 0 0   -0.1132   -0.0534    0.0028
 0 0 0 0 0 0 0 0   -0.1127   -0.0532    0.0028
 0 0 0 0 0 0 0 0   -0.1122   -0.0530    0.0028
 0 0 0 0 0 0 0 0   -0.1117   -0.0527    0.0027
 0 0 0 0 0 0 0 0   -0.1112   -0.0525    0.0027
 0 0 0 0 0 0 0 0   -0.1106   -0.0523    0.0027
 0 0 0 0 0 0 0 0   -0.1100   -0.0520    0.0027
 0 0 0 0 0 0 0 0   -0.1094   -0.0517    0.0027
 0 0 0 0 0 0 0 0   -0.1088   -0.0515    0.0027
 0 0 0 0 0 0 0 0   -0.1082   -0.0512    0.0026
 0 0 0 0 0 0 0 0   -0.1075   -0.0509    0.0026
 0 0 0 0 0 0 0 0   -0.1068   -0.0506    0.0026
 0 0 0 0 0 0 0 0   -0.1061   -0.0503    0.0026
 0 0 0 0 0 0 0 0   -0.1054   -0.0499    0.0026
 0 0 0 0 0 0 0 0   -0.1046   -0.0496    0.0025
 0 0 0 0 0 0 0 0   -0.1039   -0.0493    0.0025
 0 0 0 0 0 0 0 0   -0.1031   -0.0489    0.0025
 0 0 0 0 0 0 0 0   -0.1023   -0.0485    0.0025
 0 0 0 0 0 0 0 0   -0.1014   -0.0481    0.0025
 0 0 0 0 0 0 0 0   -0.1006   -0.0478    0.0024
 0 0 0 0 0 0 0 0   -0.0997   -0.0473    0.0024
 0 0 0 0 0 0 0 0   -0.0988   -0.0469    0.0024
 0 0 0 0 0 0 0 0   -0.0979   -0.0465    0.0024
 0 0 0 0 0 0 0 0   -0.0969   -0.0461    0.0023
 0 0 0 0 0 0 0 0   -0.0960   -0.0456    0.0023
 0 0 0 0 0 0 0 0   -0.0950   -0.0452    0.0023
 0 0 0 0 0 0 0 0   -0.0940   -0.0447    0.0023
 0 0 0 0 0 0 0 0   -0.0930   -0.0442    0.0022
 0 0 0 0 0 0 0 0   -0.0919   -0.0437    0.0022
 0 0 0 0 0 0 0 0   -0.0908   -0.0432    0.0022
 0 0 0 0 0 0 0 0   -0.0897   -0.0427    0.0022
 0 0 0 0 0 0 0 0   -0.0886   -0.0422    0.0021
 0 0 0 0 0 0 0 0   -0.0875   -0.0417    0.0021
 0 0 0 0 0 0 0 0   -0.0863   -0.0411    0.0021
 0 0 0 0 0 0 0 0   -0.0852   -0.0406    0.0020
 0 0 0 0 0 0 0 0   -0.0840   -0.0400    0.0020
 0 0 0 0 0 0 0 0   -0.0827   -0.0394    0.0020
 0 0 0 0 0 0 0 0   -0.0815   -0.0388    0.0019
 0 0 0 0 0 0 0 0   -0.0802   -0.0382    0.0019
 0 0 0 0 0 0 0 0   -0.0789   -0.0376    0.0019
 0 0 0 0 0 0 0 0   -0.0776   -0.0370    0.0019
 0 0 0 0 0 0 0 0   -0.0763   -0.0364    0.0018
 0 0 0 0 0 0 0 0   -0.0749   -0.0357    0.0018
 0 0 0 0 0 0 0 0   -0.0735   -0.0351    0.0018
 0 0 0 0 0 0 0 0   -0.0721   -0.0344    0.0017
 0 0 0 0 0 0 0 0   -0.0707   -0.0337    0.0017
 0 0 0 0 0 0 0 0   -0.0693   -0.0331    0.0017
 0 0 0 0 0 0 0 0   -0.0678   -0.0324    0.0016
 0 0 0 0 0 0 0 0   -0.0663   -0.0317    0.0016
 0 0 0 0 0 0 0 0   -0.0648   -0.0309    0.0015
 0 0 0 0 0 0 0 0   -0.0633   -0.0302    0.0015
 0 0 0 0 0 0 0 0   -0.0617   -0.0295    0.0015
 0 0 0 0 0 0 0 0   -0.0602   -0.0287    0.0014
 0 0 0 0 0 0 0 0   -0.0586   -0.0280    0.0014
 0 0 0 0 0 0 0 0   -0.0569   -0.0272    0.0014
 0 0 0 0 0 0 0 0   -0.0553   -0.0264    0.0013
 0 0 0 0 0 0 0 0   -0.0536   -0.0256    0.0013
 0 0 0 0 0 0 0 0   -0.0519   -0.0248    0.0012
 0 0 0 0 0 0 0 0   -0.0502   -0.0240    0.0012
 0 0 0 0 0 0 0 0   -0.0485   -0.0231    0.0012
 0 0 0 0 0 0 0 0   -0.0467   -0.0223    0.0011
 0 0 0 0 0 0 0 0   -0.0449   -0.0215    0.0011
 0 0 0 0 0 0 0 0   -0.0431   -0.0206    0.0010
 0 0 0 0 0 0 0 0   -0.0413   -0.0197    0.0010
 0 0 0 0 0 0 0 0   -0.0395   -0.0188    0.0009
 0 0 0 0 0 0 0 0   -0.0376   -0.0180    0.0009
 0 0 0 0 0 0 0 0   -0.0357   -0.0171    0.0008
 0 0 0 0 0 0 0 0   -0.0338   -0.0161    0.0008
 0 0 0 0 0 0 0 0   -0.0318   -0.0152    0.0008
 0 0 0 0 0 0 0 0   -0.0299   -0.0143    0.0007
 0 0 0 0 0 0 0 0   -0.0279   -0.0133    0.0007
 0 0 0 0 0 0 0 0   -0.0259   -0.0124    0.0006
 0 0 0 0 0 0 0 0   -0.0239   -0.0114    0.0006
 0 0 0 0 0 0 0 0   -0.0218   -0.0104    0.0005
 0 0 0 0 0 0 0 0   -0.0197   -0.0094    0.0005
 0 0 0 0 0 0 0 0   -0.0176   -0.0084    0.0004
 0 0 0 0 0 0 0 0   -0.0155   -0.0074    0.0004
 0 0 0 0 0 0 0 0   -0.0134   -0.0064    0.0003
 0 0 0 0 0 0 0 0   -0.0112   -0.0053    0.0003
 0 0 0 0 0 0 0 0   -0.0090   -0.0043    0.0002
 0 0 0 0 0 0 0 0   -0.0068   -0.0032    0.0002
 0 0 0 0 0 0 0 0   -0.0045   -0.0022    0.0001
 0 0 0 0 0 0 0 0   -0.0023   -0.0011    0.0001
 0 0 0 0 0 0 0 0    0.0000   -0.0000   -0.0000