 0   0   0 
 0   0   0 
 2.19854861e-05   2.11687719e-05   -2.02419036e-05 
 6.89976901e-05   5.75697495e-05   -2.94637859e-05 
 0.00013597   0.00011774   -6.19689357e-05 
 0.00022593   0.00019575   -8.64956526e-05 
 0.00033846   0.00029054   -0.00012837 
 0.00047195   0.00040578   -0.00016531 
 0.00062801   0.0005378   -0.0002196 
 0.00080764   0.00068328   -0.00026301 
 0.00100577   0.00085075   -0.00032986 
 0.00122748   0.00103167   -0.00038585 
 0.00147075   0.00122863   -0.00043401 
 0.0017305   0.00145018   -0.00050865 
 0.0020144   0.0016808   -0.00056954 
 0.00231741   0.00192901   -0.00065099 
 0.00263995   0.00219585   -0.00072767 
 0.0029816   0.00248027   -0.00082491 
 0.00334337   0.00277893   -0.0009145 
 0.00372223   0.00309775   -0.00102771 
 0.00412383   0.00342382   -0.00112734 
 0.00454355   0.0037667   -0.00122238 
 0.00498096   0.00412534   -0.00133817 
 0.00543651   0.00450077   -0.00144939 
 0.00590977   0.00489192   -0.00158137 
 0.00640177   0.00529546   -0.00170591 
 0.00691252   0.00571136   -0.00182301 
 0.00743696   0.00614814   -0.00196699 
 0.00798278   0.00659028   -0.00209763 
 0.00854233   0.00705325   -0.00225518 
 0.00912126   0.00752415   -0.00240245 
 0.00971496   0.0080125   -0.00254844 
 0.01032302   0.00851725   -0.00271849 
 0.01094849   0.00903245   -0.00288136 
 0.01159139   0.00955805   -0.00303707 
 0.01224669   0.01010258   -0.00321993 
 0.01292003   0.01065309   -0.00339277 
 0.01360885   0.01121652   -0.00356155 
 0.01431071   0.01179441   -0.00375465 
 0.01502866   0.01238079   -0.00394085 
 0.01576274   0.01297563   -0.00412015 
 0.01650791   0.01358741   -0.00432689 
 0.01726723   0.01421017   -0.00452983 
 0.01804074   0.01484387   -0.004729 
 0.01882544   0.0154944   -0.00495569 
 0.01962495   0.01615142   -0.00517576 
 0.02043932   0.01681489   -0.00538926 
 0.02126554   0.0174907   -0.00562747 
 0.02210206   0.01818241   -0.00586813 
 0.02295411   0.01887607   -0.00609941 
 0.02381914   0.0195786   -0.00632727 
 0.02469413   0.02029586   -0.00658301 
 0.02558274   0.02101753   -0.00683252 
 0.02648242   0.02175049   -0.00708174 
 0.02739377   0.02249034   -0.00732783 
 0.02831582   0.02324036   -0.00759906 
 0.02924962   0.02399716   -0.00786722 
 0.0301932   0.02476327   -0.0081354 
 0.03114863   0.02553604   -0.00840059 
 0.03211391   0.026318   -0.00866588 
 0.03308664   0.02711067   -0.00895968 
 0.03407191   0.02790548   -0.00924773 
 0.03506516   0.02871187   -0.00953902 
 0.03606903   0.02952286   -0.00982768 
 0.03708153   0.03034097   -0.01011678 
 0.03810172   0.03116946   -0.0104346 
 0.03913121   0.03200059   -0.01075007 
 0.04016948   0.03283864   -0.01106611 
 0.04121716   0.03367921   -0.01137987 
 0.0422717   0.03452912   -0.01169733 
 0.04333575   0.03538141   -0.0120126 
 0.0444043   0.0362445   -0.01236005 
 0.04548246   0.03710982   -0.01270541 
 0.04656623   0.03798245   -0.01305478 
 0.04766027   0.03885284   -0.01339928 
 0.04876004   0.0397304   -0.01374789 
 0.04986815   0.04060815   -0.01409474 
 0.05098008   0.04149549   -0.01444882 
 0.05209844   0.04238545   -0.01480426 
 0.0532233   0.04327795   -0.01516112 
 0.0543547   0.04417292   -0.01551945 
 0.05549023   0.04507188   -0.01590767 
 0.05663039   0.04597572   -0.01630048 
 0.05777782   0.04687749   -0.01669201 
 0.05892796   0.04778655   -0.01709124 
 0.06008346   0.04869595   -0.01749231 
 0.06124435   0.04960562   -0.01789527 
 0.06240867   0.05051804   -0.01830318 
 0.06357648   0.05143313   -0.0187161 
 0.06474784   0.05235082   -0.01913408 
 0.06592535   0.05326418   -0.01955125 
 0.06710449   0.05418252   -0.01997658 
 0.06828787   0.05509895   -0.02040422 
 0.06947351   0.05601593   -0.02083724 
 0.07066148   0.05693338   -0.02127568 
 0.07185181   0.05785123   -0.02171957 
 0.07304458   0.05876941   -0.02216897 
 0.07424034   0.05968357   -0.02262105 
 0.07543661   0.06060044   -0.02308173 
 0.07663597   0.06151315   -0.02354516 
 0.07783646   0.06242417   -0.02401441 
 0.07903812   0.06333342   -0.02448951 
 0.080241   0.06424083   -0.02497049 
 0.08144312   0.06514887   -0.02546042 
 0.08264453   0.06605746   -0.02595931 
 0.08384781   0.06695976   -0.02646135 
 0.08505348   0.06785659   -0.02694113 
 0.08625908   0.06874954   -0.02742713 
 0.08746464   0.06963854   -0.02791937 
 0.08866819   0.07052604   -0.02842089 
 0.08986977   0.07141199   -0.02893173 
 0.09106941   0.07229631   -0.02945191 
 0.09226715   0.07317894   -0.02998146 
 0.09346353   0.07405561   -0.03051755 
 0.09465858   0.07492625   -0.03106021 
 0.09585281   0.07579168   -0.03158401 
 0.09704375   0.07665349   -0.03211743 
 0.09823142   0.07751163   -0.03266048 
 0.09941837   0.07835936   -0.03320733 
 0.10060008   0.07920581   -0.03376685 
 0.10177658   0.08005095   -0.03433906 
 0.10295339   0.08088218   -0.03488681 
 0.10412551   0.08170783   -0.03544441 
 0.10529296   0.08252785   -0.03601188 
 0.10645576   0.08334221   -0.03658924 
 0.10761392   0.08415086   -0.03717649 
 0.10876842   0.08495042   -0.0377453 
 0.10991629   0.08574668   -0.03832701 
 0.11106002   0.08653299   -0.03891579 
 0.11219759   0.0873118   -0.03951461 
 0.11332951   0.08808388   -0.04009799 
 0.11445529   0.08884841   -0.04069143 
 0.11557537   0.08960125   -0.04129206 
 0.11668727   0.09034899   -0.04190572 
 0.11779397   0.09108577   -0.04250106 
 0.11889496   0.09181084   -0.04310357 
 0.11998573   0.09253323   -0.04372207 
 0.12106875   0.09324636   -0.0443507 
 0.12214696   0.09394439   -0.04495811 
 0.12321537   0.09463563   -0.0455786 
 0.12427394   0.09532006   -0.04621216 
 0.12532563   0.09599188   -0.04682741 
 0.12636787   0.09665282   -0.04745284 
 0.12739819   0.09730944   -0.04809424 
 0.12842197   0.09794941   -0.0487144 
 0.12943622   0.09857856   -0.04934466 
 0.13043887   0.09919937   -0.04998795 
 0.13143285   0.09980605   -0.05061288 
 0.13241515   0.10040444   -0.05125076 
 0.13338818   0.10098809   -0.05189577 
 0.13435039   0.10156014   -0.05252525 
 0.1353012   0.10211998   -0.05316473 
 0.13623813   0.10267411   -0.05381996 
 0.13716449   0.10321272   -0.05445669 
 0.13807727   0.10374169   -0.05510625 
 0.13898178   0.10424884   -0.0557314 
 0.13987258   0.10474646   -0.05636926 
 0.14074759   0.10523703   -0.05702273 
 0.1416121   0.1057084   -0.05765458 
 0.14246068   0.10617284   -0.05830193 
 0.1432966   0.10662065   -0.05893048 
 0.14411884   0.10705529   -0.0595686 
 0.14492826   0.10747346   -0.06018779 
 0.14572182   0.10788104   -0.06081938 
 0.14649981   0.10827414   -0.06146044 
 0.14726472   0.10865104   -0.06208235 
 0.14801388   0.10901368   -0.06271359 
 0.14874572   0.1093651   -0.0633314 
 0.14946162   0.10970246   -0.06395839 
 0.1501624   0.11002249   -0.06456601 
 0.15084502   0.11033107   -0.06518558 
 0.1515123   0.11062256   -0.06578559 
 0.15216358   0.11089652   -0.06639161 
 0.15279729   0.11115603   -0.06698083 
 0.15341477   0.11139829   -0.06757586 
 0.15401243   0.11162872   -0.06815683 
 0.15459159   0.11184456   -0.06874637 
 0.15515509   0.11204018   -0.06931294 
 0.15569784   0.11222388   -0.06989081 
 0.15622264   0.11239003   -0.07044844 
 0.15672643   0.11254455   -0.07101716 
 0.15721235   0.11267795   -0.07156259 
 0.15767701   0.11280002   -0.07211889 
 0.15812352   0.11290132   -0.07265167 
 0.15854883   0.11298776   -0.07319228 
 0.1589557   0.11305377   -0.07370914 
 0.15933671   0.11311381   -0.07424226 
 0.15970136   0.11314758   -0.07474565 
 0.16004219   0.11316955   -0.07525931 
 0.160362   0.11317415   -0.07575166 
 0.16066296   0.1131554   -0.07621682 
 0.16093763   0.11312774   -0.07669481 
 0.16119315   0.11307713   -0.07714536 
 0.16142209   0.11301798   -0.07760848 
 0.16162954   0.11293861   -0.07804683 
 0.16181242   0.11284495   -0.07849175 
 0.16197146   0.1127338   -0.07891454 
 0.16211085   0.11259693   -0.07930642 
 0.16222315   0.11244874   -0.07970738 
 0.16231316   0.11228137   -0.08008289 
 0.162374   0.11210162   -0.0804673 
 0.16242542   0.11190198   -0.080817 
 0.16247654   0.11170222   -0.0811658 
 0.16252531   0.11150466   -0.08151659 
 0.16257379   0.11130697   -0.08186648 
 0.16262195   0.11110919   -0.08221546 
 0.16266777   0.1109136   -0.08256645 
 0.16271557   0.11071188   -0.0829108 
 0.16276305   0.11051008   -0.08325424 
 0.1628102   0.1103082   -0.08359678 
 0.16285703   0.11010626   -0.08393842 
 0.16290149   0.10990654   -0.08428204 
 0.16294561   0.10970677   -0.08462476 
 0.16299169   0.10950095   -0.08496085 
 0.16303742   0.1092951   -0.08529604 
 0.1630828   0.10908921   -0.08563031 
 0.1631258   0.10888558   -0.08596657 
 0.16316844   0.10868192   -0.08630193 
 0.16321073   0.10847825   -0.08663638 
 0.16325266   0.10827457   -0.08696993 
 0.1632965   0.10806494   -0.08729686 
 0.16333998   0.10785531   -0.08762288 
 0.1633831   0.10764571   -0.08794799 
 0.16342584   0.10743612   -0.0882722 
 0.16346615   0.10722882   -0.08859838 
 0.1635061   0.10702155   -0.08892366 
 0.16354566   0.10681431   -0.08924804 
 0.16358485   0.10660711   -0.08957152 
 0.16362365   0.10639995   -0.08989411 
 0.16366432   0.10618696   -0.09021008 
 0.16370173   0.10597974   -0.09055677 
 0.16373876   0.10577258   -0.09090256 
 0.16377539   0.10556548   -0.09124746 
 0.16381163   0.10535844   -0.09159147 
 0.16384748   0.10515147   -0.09193459 
 0.16388292   0.10494458   -0.09227682 
 0.16391797   0.10473776   -0.09261816 
 0.16395262   0.10453102   -0.09295862 
 0.16398687   0.10432437   -0.09329819 
 0.16402295   0.104112   -0.09363116 
 0.16405862   0.10389973   -0.09396324 
 0.16409388   0.10368758   -0.09429442 
 0.16412872   0.10347554   -0.09462472 
 0.16416314   0.10326362   -0.09495413 
 0.16419714   0.10305183   -0.09528266 
 0.16423072   0.10284016   -0.0956103 
 0.16426388   0.10262863   -0.09593706 
 0.16429662   0.10241723   -0.09626294 
 0.16432892   0.10220597   -0.09658794 
 0.1643608   0.10199486   -0.09691206 
 0.16439225   0.10178389   -0.09723531 
 0.16442327   0.10157308   -0.09755768 
 0.16445608   0.10135669   -0.09787345 
 0.16448844   0.10114048   -0.09818834 
 0.16452036   0.10092444   -0.09850235 
 0.16455184   0.10070858   -0.09881548 
 0.16458287   0.10049291   -0.09912774 
 0.16461346   0.10027742   -0.09943911 
 0.16464567   0.10005991   -0.09974677 
 0.16467743   0.0998426   -0.10005354 
 0.16470874   0.09962548   -0.10035945 
 0.1647396   0.09940857   -0.10066449 
 0.16477001   0.09919186   -0.10096865 
 0.16479996   0.09897536   -0.10127195 
 0.16482946   0.09875907   -0.10157438 
 0.16485849   0.098543   -0.10187595 
 0.16488708   0.09832715   -0.10217665 
 0.16491727   0.09810932   -0.10247365 
 0.16494701   0.09789171   -0.10276979 
 0.16497629   0.09767434   -0.10306507 
 0.1650051   0.0974572   -0.10335949 
 0.16503346   0.09724029   -0.10365306 
 0.16506134   0.09702363   -0.10394577 
 0.16509084   0.09680501   -0.10423479 
 0.16511988   0.09658664   -0.10452295 
 0.16514845   0.09636851   -0.10481027 
 0.16517654   0.09615064   -0.10509673 
 0.16520417   0.09593303   -0.10538234 
 0.16523133   0.09571567   -0.10566711 
 0.1652601   0.09549639   -0.1059482 
 0.1652884   0.09527737   -0.10622844 
 0.16531623   0.09505862   -0.10650784 
 0.16534358   0.09484013   -0.10678639 
 0.16537045   0.09462193   -0.10706411 
 0.16539894   0.09440181   -0.10733815 
 0.16542695   0.09418197   -0.10761136 
 0.16545449   0.09396242   -0.10788372 
 0.16548155   0.09374314   -0.10815525 
 0.16551022   0.09352198   -0.10842312 
 0.16553841   0.0933011   -0.10869015 
 0.16556612   0.09308052   -0.10895635 
 0.16559335   0.09286023   -0.10922171 
 0.16562009   0.09264024   -0.10948624 
 0.16564846   0.09241838   -0.10974712 
 0.16567633   0.09219681   -0.11000717 
 0.16570373   0.09197556   -0.11026639 
 0.16573064   0.09175461   -0.11052479 
 0.16575916   0.09153179   -0.11077953 
 0.16578438   0.09131506   -0.11106543 
 0.16580912   0.09109863   -0.11135051 
 0.16583548   0.09088034   -0.11163197 
 0.16584987   0.09064868   -0.11187963 
 0.16583705   0.09040609   -0.1121275 
 0.16579965   0.09015028   -0.1123464 
 0.16573683   0.08988504   -0.11256539 
 0.16565127   0.0896048   -0.11275233 
 0.16554286   0.08930973   -0.11290707 
 0.16541076   0.08900364   -0.1130587 
 0.16525767   0.08868092   -0.11317504 
 0.1650785   0.08835298   -0.1132938 
 0.1648781   0.08800877   -0.11337702 
 0.16465349   0.08765751   -0.1134596 
 0.16440739   0.0872936   -0.11350938 
 0.16413898   0.0869208   -0.11355548 
 0.16384605   0.08654146   -0.11360062 
 0.16353343   0.08614778   -0.11360978 
 0.1632003   0.08574354   -0.11361213 
 0.16284512   0.08533067   -0.11358408 
 0.1624671   0.08491296   -0.11355481 
 0.16207323   0.08447718   -0.11348351 
 0.16165633   0.08403685   -0.11341079 
 0.16121844   0.08358994   -0.11333375 
 0.16076228   0.08313078   -0.11322017 
 0.16028281   0.08267069   -0.1131079 
 0.15978702   0.08219645   -0.1129561 
 0.15927204   0.08171401   -0.1127968 
 0.15873564   0.08122884   -0.11263576 
 0.15818268   0.08073311   -0.11243793 
 0.15761028   0.08023273   -0.11223538 
 0.15701837   0.07972782   -0.11202804 
 0.15640971   0.07921266   -0.11178367 
 0.15578354   0.07869103   -0.11153156 
 0.15513981   0.07816304   -0.11127164 
 0.15447911   0.07762828   -0.11097748 
 0.15380286   0.07708521   -0.11067256 
 0.15310887   0.07653923   -0.11036268 
 0.15239709   0.07599045   -0.11004777 
 0.15167026   0.0754331   -0.10969554 
 0.15092554   0.0748731   -0.10933818 
 0.15016502   0.07430838   -0.10897282 
 0.14939146   0.07373317   -0.10856717 
 0.14860201   0.07315656   -0.10815646 
 0.14779665   0.07257545   -0.10773761 
 0.14697532   0.07199305   -0.10731363 
 0.146138   0.07140944   -0.10688449 
 0.1452896   0.07081665   -0.10641506 
 0.14442515   0.07022275   -0.10594038 
 0.14354677   0.06962564   -0.10545763 
 0.14265442   0.06902537   -0.10496677 
 0.14175024   0.06841984   -0.10446497 
 0.14083271   0.06781066   -0.10392855 
 0.13990116   0.06720159   -0.10338701 
 0.13895772   0.06658737   -0.10283445 
 0.13800238   0.06597117   -0.10227392 
 0.13703298   0.06535518   -0.10170821 
 0.13605444   0.06473138   -0.10110215 
 0.13506397   0.06410569   -0.10048807 
 0.13406157   0.06348124   -0.09986904 
 0.13304722   0.06285493   -0.09924198 
 0.13202307   0.06222464   -0.09860406 
 0.13098698   0.06159563   -0.09796118 
 0.12994111   0.06096577   -0.09731054 
 0.12888329   0.06033721   -0.09665492 
 0.12781849   0.0597019   -0.09595915 
 0.1267439   0.05906575   -0.09525559 
 0.12565955   0.05842877   -0.09454427 
 0.12456758   0.05778879   -0.09382239 
 0.12346372   0.05715321   -0.09309864 
 0.12235227   0.05651462   -0.09236435 
 0.1212311   0.05587827   -0.09162542 
 0.12010239   0.05524198   -0.09087908 
 0.11896613   0.05460265   -0.09012222 
 0.11782235   0.05396337   -0.08935797 
 0.11666894   0.05332933   -0.08859227 
 0.11550805   0.05269529   -0.08781922 
 0.11434187   0.05205907   -0.08703604 
 0.11317042   0.05142066   -0.08624274 
 0.11199157   0.05078525   -0.08544527 
 0.11080535   0.0501528   -0.08464367 
 0.10961393   0.04951807   -0.08383201 
 0.10841735   0.0488841   -0.08301347 
 0.10721627   0.04824706   -0.08215834 
 0.10601225   0.04760857   -0.08129357 
 0.10480315   0.04697072   -0.08042199 
 0.10358686   0.0463387   -0.07954956 
 0.10236772   0.0457051   -0.07866758 
 0.10114083   0.04508104   -0.07781456 
 0.09991117   0.04445531   -0.07695207 
 0.0986766   0.04383308   -0.07608609 
 0.09743934   0.04321215   -0.07521385 
 0.09619943   0.04259248   -0.0743354 
 0.0949569   0.04197401   -0.07345076 
 0.09371178   0.0413567   -0.07255998 
 0.0924641   0.04074049   -0.07166309 
 0.09121394   0.04012839   -0.0707633 
 0.08996347   0.03951514   -0.06985469 
 0.08871059   0.03890587   -0.06894326 
 0.08745747   0.03829535   -0.06802308 
 0.0862042   0.03768656   -0.06709737 
 0.08494862   0.03708159   -0.06616895 
 0.08369296   0.03647824   -0.0652351 
 0.08243725   0.03587644   -0.06429584 
 0.08118157   0.03527917   -0.06335441 
 0.07992593   0.03468333   -0.06240766 
 0.07867254   0.03408673   -0.06145286 
 0.07741651   0.03350045   -0.06052864 
 0.07616067   0.03291845   -0.05960244 
 0.07490725   0.03233852   -0.05867151 
 0.07365625   0.03175757   -0.05773271 
 0.07240774   0.03117857   -0.05678928 
 0.07115962   0.03060663   -0.05584724 
 0.06991407   0.0300365   -0.05490066 
 0.06867333   0.02946599   -0.05394679 
 0.06743031   0.02890831   -0.05302713 
 0.06619218   0.02835012   -0.05210028 
 0.06495684   0.02779652   -0.05117229 
 0.0637265   0.02724528   -0.05024041 
 0.06250116   0.02669333   -0.04930148 
 0.06128092   0.02614362   -0.04835876 
 0.06006581   0.0255961   -0.0474123 
 0.05885093   0.02506184   -0.04650082 
 0.05764127   0.02452962   -0.04558569 
 0.05643905   0.02399725   -0.04466417 
 0.05524217   0.02346981   -0.04374232 
 0.05405066   0.02294723   -0.04282017 
 0.05286671   0.0224243   -0.04189178 
 0.05168543   0.02191212   -0.04099589 
 0.05051183   0.02140246   -0.04009706 
 0.04934595   0.02089528   -0.03919535 
 0.04818783   0.0203905   -0.03829079 
 0.04703536   0.01989323   -0.03738944 
 0.04589014   0.0194021   -0.03651527 
 0.04475278   0.01891319   -0.03563839 
 0.04362339   0.01842946   -0.03476207 
 0.04250198   0.01795083   -0.03388635 
 0.04139079   0.01747511   -0.03300851 
 0.04028703   0.01700525   -0.03215806 
 0.03919141   0.01654333   -0.03131159 
 0.03810611   0.01608414   -0.03046311 
 0.03703118   0.01562763   -0.02961266 
 0.03596605   0.01517762   -0.02879024 
 0.0349092   0.01473532   -0.02797195 
 0.03386499   0.0142934   -0.02714903 
 0.03283133   0.01385693   -0.02632754 
 0.03180545   0.01343191   -0.02554026 
 0.03079237   0.01301009   -0.0247517 
 0.02979211   0.01259144   -0.0239619 
 0.02880471   0.01217591   -0.0231709 
 0.0278274   0.01176948   -0.02241147 
 0.02686301   0.01136607   -0.0216509 
 0.02591161   0.01096863   -0.02089248 
 0.02497039   0.01058015   -0.02016574 
 0.0240422   0.01019756   -0.0194412 
 0.02312929   0.00981866   -0.01871612 
 0.02222668   0.0094516   -0.01802607 
 0.02133939   0.00908815   -0.01733553 
 0.02046744   0.00872828   -0.01664453 
 0.01961084   0.00837195   -0.01595311 
 0.01876685   0.00802515   -0.01529405 
 0.01793831   0.00768481   -0.01463786 
 0.01712739   0.00734575   -0.01397854 
 0.01632918   0.00701912   -0.01335491 
 0.01554649   0.00669885   -0.01273423 
 0.01478148   0.00637977   -0.01211049 
 0.01403144   0.00607087   -0.01151972 
 0.01329916   0.0057661   -0.01092919 
 0.01257974   0.0054766   -0.01037772 
 0.01187812   0.00519117   -0.00982652 
 0.01119651   0.00490764   -0.00927283 
 0.01052781   0.0046393   -0.00875825 
 0.00987914   0.00437281   -0.00824122 
 0.00925058   0.00411115   -0.007725 
 0.00863716   0.00386247   -0.00724516 
 0.00804387   0.00361857   -0.00676616 
 0.00746795   0.00338546   -0.0063208 
 0.00691217   0.00315711   -0.0058763 
 0.00637441   0.00293862   -0.00543872 
 0.00585625   0.00272874   -0.00503203 
 0.00536046   0.00252141   -0.00462346 
 0.00488213   0.0023278   -0.00425183 
 0.00442405   0.00214185   -0.00388437 
 0.00398345   0.00196959   -0.00355388 
 0.00356745   0.0017977   -0.00321876 
 0.00317114   0.00163733   -0.00291784 
 0.00279515   0.00148757   -0.00262437 
 0.00244385   0.00134115   -0.00232955 
 0.00211224   0.00120623   -0.00206894 
 0.00180317   0.00107976   -0.00181302 
 0.00151601   0.00096263   -0.00158855 
 0.00125139   0.00085395   -0.00136877 
 0.00100873   0.00075759   -0.00118369 
 0.00079083   0.00066752   -0.00100053 
 0.0005949   0.00058977   -0.00085208 
 0.00042372   0.0005183   -0.00070556 
 0.00027451   0.00045915   -0.00059375 
 0.00015011   0.00040927   -0.00048711 
 4.98843381e-05   0.00036956   -0.00041241 
 -2.55307859e-05   0.00033912   -0.00034289 
 -7.457099e-05   0.00031669   -0.00030252 
 -9.88001026e-05   0.00030354   -0.00026734